8.9149 0.010299
8.9149 0.9763
11.913 0.9763
11.913 0.7379
15.832 0.7379
15.832 0.60934
27.059 0.60934
27.207 0.62756
34.609 0.63687
34.799 0.60934
45.744 0.60934
45.744 0.61838
60.131 0.62756
60.131 0.66565
77.332 0.67552
77.756 0.7272
100.548 0.7379
101.1 0.8678
132.17 0.8678
132.9 1.0055
170.91 1.0204
170.91 1.1999
223.44 1.2358
224.67 1.4531
290.52 1.4531
290.52 1.7859
379.82 1.8124
381.9 1.5874
290.52 1.5874
290.52 1.2358
224.67 1.2358
224.67 0.8937
171.85 0.907
172.79 0.64632
132.9 0.65591
132.9 0.43423
101.654 0.42788
101.654 0.25178
78.183 0.25178
78.183 0.09808
59.803 0.09808
59.803 0.01
