9.9999 0.010148
9.9847 0.0843
13.494 0.019096
13.551 0.10823
18.103 0.055852
18.091 0.13897
23.378 0.15403
23.497 0.27329
30.383 0.12174
30.373 0.19488
39.905 0.16336
39.895 0.23248
52.404 0.25768
52.395 0.33084
68.093 0.26537
67.709 0.34576
89.423 0.40646
89.409 0.50674
116.79 0.67997
116.77 0.8603
151.74 0.7648
151.71 1.0726
197.15 0.9124
197.1 1.3372
254.73 1.2424
254.65 1.9312
332.77 1.4821
332.63 2.6686
434.73 1.6671
434.49 3.5809
567.97 1.6918
567.57 4.4644
737.97 1.8752
737.36 5.9031
953.53 2.4077
952.74 7.579
1246 1.9598
1237.8 9.875
2966 2.8722
2964.2 6.7382
